2683.03534338
2683.14220106
2682.47090304
2682.38726491
2682.33773712
2682.28477279
2682.28265849
2681.72897769
2681.70567082
2681.67604619
2681.62690376
2681.62099582
2681.59007849
2681.58265935
2681.57840485
2681.54747166
2681.31757930
2681.30902786
2681.30156360
2681.28435766
2681.28073786
2681.24418426
2681.24687422
2681.25641918
2681.25632632
2681.23999650
2681.24039300
2681.20365065
2681.19637910
2681.19780034
2681.19971864
2681.20243274
2681.17884688
2681.19049283
2681.23074471
2681.21387835
2681.24324621
2681.24422610
2681.25025426
2681.24682687
2681.24763409
2681.24392081
2681.19703206
2681.20726948
2681.22372460
2681.22467416
2681.22739499
2681.17225417
2681.18294839
2681.17992724
2681.18138485
2681.18186272
2681.17865177
2681.15897671
2681.13323400
2681.13122667
2681.16307346
2681.18249237
2681.18012658
2681.18416793
2681.18138160
2681.20376191
2681.20966877
2680.89776673
2680.70004875
2680.64202398
2680.65651002
2680.67457138
2680.56101277
2680.58775317
2680.61085199
2680.64262620
2680.64955574
2680.65920124
2680.67585045
2680.76351210
2680.78807061
2680.79702206
2680.82197728
2680.85713677
2680.88697503
2680.96017290
2680.99430854
2681.04224313
2681.05994348
2681.12322595
2681.17542984
2681.32447723
2681.47474965
2681.53054323
2681.53893247
2681.72070018
2681.83433121
2681.92378015
2681.94995130
2681.99265415
2682.00835070
2683.82857523
2683.94905009
2684.31103381
2684.35446341
2684.45116125
2684.45140551
2684.54556638
2684.58528239
2684.62475586
2684.62399792
2684.63745052
2684.63054627
2684.71567644
2684.93428244
2684.94291795
2684.99404354
2685.05090043
2685.03717478
2685.03085615
2685.03667237
2685.00970369
2685.01787773
2685.00405770
2685.01804216
2685.00945537
2685.01021993
2685.00498305
2684.99380019
2684.98434192
2684.93799191
2684.92972539
2684.80456463
2684.79749316
2684.63741822
2684.25575179
2684.17688946
2684.10078159
2683.95793636
2683.86207152
2683.84233242
2683.84233242
2683.80324420